4294967278,34
4294967278,33
4294967278,36
4294967278,35
4294967279,518
4294967278,37
4294967279,352
4294967279,138
4294967278,42
4294967278,41
4294967278,40
4294967278,39
4294967278,38
4294967279,567
4294967294,479
4294967279,135
4294967294,390
4294967294,115
4294967294,114
4294967279,566
4294967279,530
4294967278,48
4294967278,47
4294967278,46
4294967278,45
4294967278,44
4294967278,43
4294967279,271
4294967279,270
4294967279,283
4294967278,62
4294967278,61
4294967278,60
4294967278,59
4294967278,58
4294967278,57
4294967278,56
4294967278,55
4294967278,54
4294967278,53
4294967278,52
4294967278,51
4294967278,50
4294967278,49
4294967279,84
4294967279,83
4294967279,81
4294967279,80
4294967279,79
4294967279,78
4294967279,77
4294967279,76
4294967279,73
4294967279,71
4294967279,69
4294967279,68
4294967279,279
4294967279,330
5986,2
4294967279,265
4294967279,548
4294967279,355
4294967278,311
4294967278,260
4294967279,523
4294967279,261
4294967279,275
4294967279,258
4294967279,257
4294967279,256
6062,6
6062,5
4294967279,255
6062,4
6062,3
6062,2
6062,1
4294967279,254
4294967278,349
4294967294,387
4294967294,388
4294967278,416
4294967278,414
4294967278,364
4294967279,371
4294967278,363
4294967278,421
4294967278,282
4294967278,379
4294967278,359
4294967278,361
4294967278,254
4294967278,410
4294967278,253
4294967278,250
4294967278,248
4294967278,246
4294967278,249
4294967278,426
4294967294,477
4294967278,295
4294967294,1413
4294967294,964
4294967294,900
4294967278,322
4294967278,238
4294967278,237
4294967278,384
4294967278,236
4294967278,234
4294967278,226
4294967278,232
6059,7
6059,6
4294967278,230
6059,5
6059,4
4294967278,228
6059,3
6059,2
6059,1
4294967278,294
4294967278,224
4294967278,222
4294967278,321
4294967279,323
4294967278,247
4294967279,174
4294967279,66
4294967279,65
4294967279,64
4294967279,63
4294967279,62
4294967279,61
4294967279,58
4294967279,56
4294967279,55
4294967279,53
4294967279,51
4294967279,49
4294967279,48
4294967279,46
4294967279,45
4294967279,42
4294967279,41
4294967279,40
4294967279,39
4294967279,38
4294967279,37
4294967279,35
4294967279,34
4294967279,32
4294967279,30
4294967279,29
4294967279,28
4294967279,26
4294967279,25
4294967279,24
4294967279,22
4294967279,21
4294967279,19
6039,4
6039,6
6024,6
6021,5
6015,4
4294967294,942
4294967294,941
4294967294,939
4294967294,938
4294967294,933
4294967294,922
4294967294,436
4294967294,830
4294967294,829
4294967294,828
4294967294,827
4294967294,60
4294967278,218
4294967278,216
4294967278,214
4294967278,433
4294967294,392
4294967294,1418
4294967294,120
4294967278,423
4294967278,428
4294967278,210
4294967278,209
4294967278,391
4294967278,208
4294967278,207
4294967278,206
6058,6
6058,5
4294967278,205
6058,4
6058,2
6058,1
4294967278,204
4294967278,301
4294967279,515
4294967278,201
4294967278,425
4294967294,89
4294967278,200
4294967278,199
4294967278,235
4294967278,198
4294967278,196
4294967278,195
4294967279,195
4294967279,514
4294967278,194
4294967279,193
4294967278,192
4294967279,192
4294967278,191
4294967278,432
4294967278,348
4294967279,191
4294967278,190
4294967278,271
4294967278,407
4294967279,334
4294967278,390
4294967278,0
4294967279,260
4294967279,18
4294967279,17
4294967279,15
4294967279,14
4294967279,13
4294967279,12
4294967279,11
4294967279,10
4294967278,186
4294967278,185
4294967294,12
4294967294,903
4294967278,184
4294967278,375
4294967294,419
4294967279,368
4294967294,29
4294967279,222
4294967278,431
4294967278,292
4294967279,181
4294967278,180
4294967294,38
4294967294,37
4294967294,40
4294967294,44
4294967294,41
4294967294,43
4294967279,180
4294967279,513
4294967278,179
4294967278,324
4294967278,178
4294967278,177
4294967279,173
4294967278,176
6055,6
4294967294,53
4294967294,417
4294967294,904
4294967294,186
6055,5
6055,4
6055,3
6055,2
6055,1
4294967278,430
6015,3
4294967279,320
4294967294,85
4294967279,321
4294967279,164
4294967294,973
4294967279,161
4294967279,160
4294967294,1419
4294967294,86
4294967294,967
4294967294,88
4294967294,92
4294967294,90
4294967294,99
4294967294,107
4294967294,50
4294967294,91
4294967294,87
4294967294,84
4294967294,950
4294967294,949
4294967294,921
4294967294,28
4294967294,920
4294967294,27
4294967294,45
4294967294,427
4294967279,157
4294967294,1420
4294967294,22
4294967279,154
4294967279,153
4294967279,268
4294967294,2
4294967294,0
4294967294,1417
4294967279,145
4294967279,367
4294967279,539
4294967279,0
4294967294,5
6046,4
4294967294,6
4294967294,94
4294967294,96
4294967279,142
4294967294,9
